"cast_date","cast_month","cast_year","moon","currency","model","data_set","species","estimate","lower_pi","upper_pi","start_moon","end_moon","cast_id","cast_group","confidence_level"
"2021-12-23",1,2022,551,"abundance","AutoArima","exclosures","BA",9.42101531435717e-07,-1.46119925094863,1.4612011351517,217,550,1963,76,0.95
"2021-12-23",2,2022,552,"abundance","AutoArima","exclosures","BA",1.3627064703732e-06,-1.6047663281242,1.60476905353714,217,550,1963,76,0.95
"2021-12-23",3,2022,553,"abundance","AutoArima","exclosures","BA",1.78331140931068e-06,-1.73650409888369,1.73650766550651,217,550,1963,76,0.95
"2021-12-23",4,2022,554,"abundance","AutoArima","exclosures","BA",2.20391634824814e-06,-1.85892921393165,1.85893362176434,217,550,1963,76,0.95
"2021-12-23",4,2022,555,"abundance","AutoArima","exclosures","BA",2.62452128718563e-06,-1.97377531476837,1.97378056381094,217,550,1963,76,0.95
"2021-12-23",5,2022,556,"abundance","AutoArima","exclosures","BA",3.04512622612311e-06,-2.08229681104019,2.08230290129265,217,550,1963,76,0.95
"2021-12-23",6,2022,557,"abundance","AutoArima","exclosures","BA",3.46573116506059e-06,-2.18543608464648,2.18544301610881,217,550,1963,76,0.95
"2021-12-23",7,2022,558,"abundance","AutoArima","exclosures","BA",3.88633610399808e-06,-2.2839224184555,2.28393019112771,217,550,1963,76,0.95
"2021-12-23",8,2022,559,"abundance","AutoArima","exclosures","BA",4.30694104293556e-06,-2.37833391608007,2.37834252996215,217,550,1963,76,0.95
"2021-12-23",9,2022,560,"abundance","AutoArima","exclosures","BA",4.72754598187305e-06,-2.46913804686934,2.4691475019613,217,550,1963,76,0.95
"2021-12-23",10,2022,561,"abundance","AutoArima","exclosures","BA",5.14815092081053e-06,-2.55671919714161,2.55672949344346,217,550,1963,76,0.95
"2021-12-23",11,2022,562,"abundance","AutoArima","exclosures","BA",5.56875585974799e-06,-2.64139798147567,2.64140911898739,217,550,1963,76,0.95
"2021-12-23",1,2022,551,"abundance","AutoArima","exclosures","DM",0.748737523332387,-1.17847914244632,2.67595418911109,217,550,1963,76,0.95
"2021-12-23",2,2022,552,"abundance","AutoArima","exclosures","DM",0.738291530062107,-1.37922641255845,2.85580947268267,217,550,1963,76,0.95
"2021-12-23",3,2022,553,"abundance","AutoArima","exclosures","DM",0.738291530062107,-1.37922641255845,2.85580947268267,217,550,1963,76,0.95
"2021-12-23",4,2022,554,"abundance","AutoArima","exclosures","DM",0.738291530062107,-1.37922641255845,2.85580947268267,217,550,1963,76,0.95
"2021-12-23",4,2022,555,"abundance","AutoArima","exclosures","DM",0.738291530062107,-1.37922641255845,2.85580947268267,217,550,1963,76,0.95
"2021-12-23",5,2022,556,"abundance","AutoArima","exclosures","DM",0.738291530062107,-1.37922641255845,2.85580947268267,217,550,1963,76,0.95
"2021-12-23",6,2022,557,"abundance","AutoArima","exclosures","DM",0.738291530062107,-1.37922641255845,2.85580947268267,217,550,1963,76,0.95
"2021-12-23",7,2022,558,"abundance","AutoArima","exclosures","DM",0.738291530062107,-1.37922641255845,2.85580947268267,217,550,1963,76,0.95
"2021-12-23",8,2022,559,"abundance","AutoArima","exclosures","DM",0.738291530062107,-1.37922641255845,2.85580947268267,217,550,1963,76,0.95
"2021-12-23",9,2022,560,"abundance","AutoArima","exclosures","DM",0.738291530062107,-1.37922641255845,2.85580947268267,217,550,1963,76,0.95
"2021-12-23",10,2022,561,"abundance","AutoArima","exclosures","DM",0.738291530062107,-1.37922641255845,2.85580947268267,217,550,1963,76,0.95
"2021-12-23",11,2022,562,"abundance","AutoArima","exclosures","DM",0.738291530062107,-1.37922641255845,2.85580947268267,217,550,1963,76,0.95
"2021-12-23",1,2022,551,"abundance","AutoArima","exclosures","DO",1.61262315982939e-224,-1.31226331412358,1.31226331412358,217,550,1963,76,0.95
"2021-12-23",2,2022,552,"abundance","AutoArima","exclosures","DO",9.48522056945769e-225,-1.51062440923706,1.51062440923706,217,550,1963,76,0.95
"2021-12-23",3,2022,553,"abundance","AutoArima","exclosures","DO",8.6619406408098e-225,-1.65595647301303,1.65595647301303,217,550,1963,76,0.95
"2021-12-23",4,2022,554,"abundance","AutoArima","exclosures","DO",1.05961537283552e-224,-1.85801924655363,1.85801924655363,217,550,1963,76,0.95
"2021-12-23",4,2022,555,"abundance","AutoArima","exclosures","DO",9.96081739580518e-225,-2.01848037091125,2.01848037091125,217,550,1963,76,0.95
"2021-12-23",5,2022,556,"abundance","AutoArima","exclosures","DO",9.77356767016004e-225,-2.16135621681367,2.16135621681367,217,550,1963,76,0.95
"2021-12-23",6,2022,557,"abundance","AutoArima","exclosures","DO",1.00052353367561e-224,-2.30205393652418,2.30205393652418,217,550,1963,76,0.95
"2021-12-23",7,2022,558,"abundance","AutoArima","exclosures","DO",9.95023354500508e-225,-2.43311793454607,2.43311793454607,217,550,1963,76,0.95
"2021-12-23",8,2022,559,"abundance","AutoArima","exclosures","DO",9.9187402003779e-225,-2.55665147670609,2.55665147670609,217,550,1963,76,0.95
"2021-12-23",9,2022,560,"abundance","AutoArima","exclosures","DO",9.94536399592304e-225,-2.67514970681514,2.67514970681514,217,550,1963,76,0.95
"2021-12-23",10,2022,561,"abundance","AutoArima","exclosures","DO",9.94141666440598e-225,-2.78852243487407,2.78852243487407,217,550,1963,76,0.95
"2021-12-23",11,2022,562,"abundance","AutoArima","exclosures","DO",9.93677728337851e-225,-2.89735548047949,2.89735548047949,217,550,1963,76,0.95
"2021-12-23",1,2022,551,"abundance","AutoArima","exclosures","NA",0.0835210006539023,-0.551896477176804,0.718938478484608,217,550,1963,76,0.95
"2021-12-23",2,2022,552,"abundance","AutoArima","exclosures","NA",0.109929685492056,-0.554931513248454,0.774790884232566,217,550,1963,76,0.95
"2021-12-23",3,2022,553,"abundance","AutoArima","exclosures","NA",0.109929685492056,-0.554931513248454,0.774790884232566,217,550,1963,76,0.95
"2021-12-23",4,2022,554,"abundance","AutoArima","exclosures","NA",0.109929685492056,-0.554931513248454,0.774790884232566,217,550,1963,76,0.95
"2021-12-23",4,2022,555,"abundance","AutoArima","exclosures","NA",0.109929685492056,-0.554931513248454,0.774790884232566,217,550,1963,76,0.95
"2021-12-23",5,2022,556,"abundance","AutoArima","exclosures","NA",0.109929685492056,-0.554931513248454,0.774790884232566,217,550,1963,76,0.95
"2021-12-23",6,2022,557,"abundance","AutoArima","exclosures","NA",0.109929685492056,-0.554931513248454,0.774790884232566,217,550,1963,76,0.95
"2021-12-23",7,2022,558,"abundance","AutoArima","exclosures","NA",0.109929685492056,-0.554931513248454,0.774790884232566,217,550,1963,76,0.95
"2021-12-23",8,2022,559,"abundance","AutoArima","exclosures","NA",0.109929685492056,-0.554931513248454,0.774790884232566,217,550,1963,76,0.95
"2021-12-23",9,2022,560,"abundance","AutoArima","exclosures","NA",0.109929685492056,-0.554931513248454,0.774790884232566,217,550,1963,76,0.95
"2021-12-23",10,2022,561,"abundance","AutoArima","exclosures","NA",0.109929685492056,-0.554931513248454,0.774790884232566,217,550,1963,76,0.95
"2021-12-23",11,2022,562,"abundance","AutoArima","exclosures","NA",0.109929685492056,-0.554931513248454,0.774790884232566,217,550,1963,76,0.95
"2021-12-23",1,2022,551,"abundance","AutoArima","exclosures","OL",0.0779345908381867,-1.002436632008,1.15830581368437,217,550,1963,76,0.95
"2021-12-23",2,2022,552,"abundance","AutoArima","exclosures","OL",0.118733571180233,-0.976062981542599,1.21353012390306,217,550,1963,76,0.95
"2021-12-23",3,2022,553,"abundance","AutoArima","exclosures","OL",0.152286895608859,-0.980895562887599,1.28546935410532,217,550,1963,76,0.95
"2021-12-23",4,2022,554,"abundance","AutoArima","exclosures","OL",0.186993449993668,-1.01679279397476,1.3907796939621,217,550,1963,76,0.95
"2021-12-23",4,2022,555,"abundance","AutoArima","exclosures","OL",0.186993449993668,-1.01679279397476,1.3907796939621,217,550,1963,76,0.95
"2021-12-23",5,2022,556,"abundance","AutoArima","exclosures","OL",0.186993449993668,-1.01679279397476,1.3907796939621,217,550,1963,76,0.95
"2021-12-23",6,2022,557,"abundance","AutoArima","exclosures","OL",0.186993449993668,-1.01679279397476,1.3907796939621,217,550,1963,76,0.95
"2021-12-23",7,2022,558,"abundance","AutoArima","exclosures","OL",0.186993449993668,-1.01679279397476,1.3907796939621,217,550,1963,76,0.95
"2021-12-23",8,2022,559,"abundance","AutoArima","exclosures","OL",0.186993449993668,-1.01679279397476,1.3907796939621,217,550,1963,76,0.95
"2021-12-23",9,2022,560,"abundance","AutoArima","exclosures","OL",0.186993449993668,-1.01679279397476,1.3907796939621,217,550,1963,76,0.95
"2021-12-23",10,2022,561,"abundance","AutoArima","exclosures","OL",0.186993449993668,-1.01679279397476,1.3907796939621,217,550,1963,76,0.95
"2021-12-23",11,2022,562,"abundance","AutoArima","exclosures","OL",0.186993449993668,-1.01679279397476,1.3907796939621,217,550,1963,76,0.95
"2021-12-23",1,2022,551,"abundance","AutoArima","exclosures","OT",0.00130727224246165,-3.06257559088637,3.06519013537129,217,550,1963,76,0.95
"2021-12-23",2,2022,552,"abundance","AutoArima","exclosures","OT",0.00204469902364993,-3.67294303180901,3.67703242985631,217,550,1963,76,0.95
"2021-12-23",3,2022,553,"abundance","AutoArima","exclosures","OT",0.00168752425105587,-3.8223703129528,3.82574536145491,217,550,1963,76,0.95
"2021-12-23",4,2022,554,"abundance","AutoArima","exclosures","OT",0.00126575937910572,-3.98588692730924,3.98841844606745,217,550,1963,76,0.95
"2021-12-23",4,2022,555,"abundance","AutoArima","exclosures","OT",0.00113949428882886,-4.12814545182349,4.13042444040115,217,550,1963,76,0.95
"2021-12-23",5,2022,556,"abundance","AutoArima","exclosures","OT",0.00113435770105722,-4.29420141840696,4.29647013380907,217,550,1963,76,0.95
"2021-12-23",6,2022,557,"abundance","AutoArima","exclosures","OT",0.00126941041898272,-4.54348761322474,4.54602643406271,217,550,1963,76,0.95
"2021-12-23",7,2022,558,"abundance","AutoArima","exclosures","OT",0.0013728290394326,-4.7648739471451,4.76761960522397,217,550,1963,76,0.95
"2021-12-23",8,2022,559,"abundance","AutoArima","exclosures","OT",0.00135247170108533,-4.94525932130338,4.94796426470555,217,550,1963,76,0.95
"2021-12-23",9,2022,560,"abundance","AutoArima","exclosures","OT",0.0013060799238086,-5.11609994653977,5.11871210638739,217,550,1963,76,0.95
"2021-12-23",10,2022,561,"abundance","AutoArima","exclosures","OT",0.0012826349188172,-5.277690690232,5.28025596006963,217,550,1963,76,0.95
"2021-12-23",11,2022,562,"abundance","AutoArima","exclosures","OT",0.00127798769868169,-5.43742476726,5.43998074265736,217,550,1963,76,0.95
"2021-12-23",1,2022,551,"abundance","AutoArima","exclosures","PB",5.71315573945476,-4.2983629425596,15.7246744214691,217,550,1963,76,0.95
"2021-12-23",2,2022,552,"abundance","AutoArima","exclosures","PB",5.73026581636383,-7.88835958952726,19.3488912222549,217,550,1963,76,0.95
"2021-12-23",3,2022,553,"abundance","AutoArima","exclosures","PB",5.7473758932729,-10.7056909810713,22.2004427676171,217,550,1963,76,0.95
"2021-12-23",4,2022,554,"abundance","AutoArima","exclosures","PB",5.76448597018196,-13.1018825515368,24.6308544919008,217,550,1963,76,0.95
"2021-12-23",4,2022,555,"abundance","AutoArima","exclosures","PB",5.78159604709103,-15.2226014577641,26.7857935519461,217,550,1963,76,0.95
"2021-12-23",5,2022,556,"abundance","AutoArima","exclosures","PB",5.79870612400009,-17.1449806862887,28.7423929342889,217,550,1963,76,0.95
"2021-12-23",6,2022,557,"abundance","AutoArima","exclosures","PB",5.81581620090916,-18.9157267366894,30.5473591385077,217,550,1963,76,0.95
"2021-12-23",7,2022,558,"abundance","AutoArima","exclosures","PB",5.83292627781823,-20.5656658759301,32.2315184315665,217,550,1963,76,0.95
"2021-12-23",8,2022,559,"abundance","AutoArima","exclosures","PB",5.85003635472729,-22.1164099573375,33.816482666792,217,550,1963,76,0.95
"2021-12-23",9,2022,560,"abundance","AutoArima","exclosures","PB",5.86714643163636,-23.5838055215902,35.3180983848629,217,550,1963,76,0.95
"2021-12-23",10,2022,561,"abundance","AutoArima","exclosures","PB",5.88425650854543,-24.9798816225756,36.7483946396665,217,550,1963,76,0.95
"2021-12-23",11,2022,562,"abundance","AutoArima","exclosures","PB",5.90136658545449,-26.3140252979695,38.1167584688785,217,550,1963,76,0.95
"2021-12-23",1,2022,551,"abundance","AutoArima","exclosures","PE",0.778807673148452,-1.21039141552795,2.76800676182486,217,550,1963,76,0.95
"2021-12-23",2,2022,552,"abundance","AutoArima","exclosures","PE",0.796626724724906,-1.35506206650833,2.94831551595814,217,550,1963,76,0.95
"2021-12-23",3,2022,553,"abundance","AutoArima","exclosures","PE",0.760652235390534,-1.45347009257702,2.97477456335809,217,550,1963,76,0.95
"2021-12-23",4,2022,554,"abundance","AutoArima","exclosures","PE",0.760652235390534,-1.48048697491075,3.00179144569182,217,550,1963,76,0.95
"2021-12-23",4,2022,555,"abundance","AutoArima","exclosures","PE",0.760652235390534,-1.50718202590267,3.02848649668374,217,550,1963,76,0.95
"2021-12-23",5,2022,556,"abundance","AutoArima","exclosures","PE",0.760652235390534,-1.5335664798676,3.05487095064867,217,550,1963,76,0.95
"2021-12-23",6,2022,557,"abundance","AutoArima","exclosures","PE",0.760652235390534,-1.55965093234124,3.08095540312231,217,550,1963,76,0.95
"2021-12-23",7,2022,558,"abundance","AutoArima","exclosures","PE",0.760652235390534,-1.58544538980146,3.10674986058253,217,550,1963,76,0.95
"2021-12-23",8,2022,559,"abundance","AutoArima","exclosures","PE",0.760652235390534,-1.61095931452166,3.13226378530273,217,550,1963,76,0.95
"2021-12-23",9,2022,560,"abundance","AutoArima","exclosures","PE",0.760652235390534,-1.63620166512621,3.15750613590728,217,550,1963,76,0.95
"2021-12-23",10,2022,561,"abundance","AutoArima","exclosures","PE",0.760652235390534,-1.6611809333409,3.18248540412197,217,550,1963,76,0.95
"2021-12-23",11,2022,562,"abundance","AutoArima","exclosures","PE",0.760652235390534,-1.68590517736584,3.20720964814691,217,550,1963,76,0.95
"2021-12-23",1,2022,551,"abundance","AutoArima","exclosures","PF",0,-3.51026933819403,3.51026933819403,217,550,1963,76,0.95
"2021-12-23",2,2022,552,"abundance","AutoArima","exclosures","PF",0,-4.23362688693768,4.23362688693768,217,550,1963,76,0.95
"2021-12-23",3,2022,553,"abundance","AutoArima","exclosures","PF",0,-5.04254132754805,5.04254132754805,217,550,1963,76,0.95
"2021-12-23",4,2022,554,"abundance","AutoArima","exclosures","PF",0,-5.68161721114465,5.68161721114465,217,550,1963,76,0.95
"2021-12-23",4,2022,555,"abundance","AutoArima","exclosures","PF",0,-6.27238856216691,6.27238856216691,217,550,1963,76,0.95
"2021-12-23",5,2022,556,"abundance","AutoArima","exclosures","PF",0,-6.80710422373813,6.80710422373813,217,550,1963,76,0.95
"2021-12-23",6,2022,557,"abundance","AutoArima","exclosures","PF",0,-7.30429203230216,7.30429203230216,217,550,1963,76,0.95
"2021-12-23",7,2022,558,"abundance","AutoArima","exclosures","PF",0,-7.76926374261559,7.76926374261559,217,550,1963,76,0.95
"2021-12-23",8,2022,559,"abundance","AutoArima","exclosures","PF",0,-8.20808097349429,8.20808097349429,217,550,1963,76,0.95
"2021-12-23",9,2022,560,"abundance","AutoArima","exclosures","PF",0,-8.62455561328992,8.62455561328992,217,550,1963,76,0.95
"2021-12-23",10,2022,561,"abundance","AutoArima","exclosures","PF",0,-9.02183883323329,9.02183883323329,217,550,1963,76,0.95
"2021-12-23",11,2022,562,"abundance","AutoArima","exclosures","PF",0,-9.40234602911086,9.40234602911086,217,550,1963,76,0.95
"2021-12-23",1,2022,551,"abundance","AutoArima","exclosures","PH",0.00779607523319605,-0.164095170021715,0.179687320488108,217,550,1963,76,0.95
"2021-12-23",2,2022,552,"abundance","AutoArima","exclosures","PH",0.0077351612471905,-0.164161416159084,0.179631738653465,217,550,1963,76,0.95
"2021-12-23",3,2022,553,"abundance","AutoArima","exclosures","PH",0.00767375480992129,-0.164228155786713,0.179575665406555,217,550,1963,76,0.95
"2021-12-23",4,2022,554,"abundance","AutoArima","exclosures","PH",0.00767375480992129,-0.164228155786713,0.179575665406555,217,550,1963,76,0.95
"2021-12-23",4,2022,555,"abundance","AutoArima","exclosures","PH",0.00767375480992129,-0.164228155786713,0.179575665406555,217,550,1963,76,0.95
"2021-12-23",5,2022,556,"abundance","AutoArima","exclosures","PH",0.00767375480992129,-0.164228155786713,0.179575665406555,217,550,1963,76,0.95
"2021-12-23",6,2022,557,"abundance","AutoArima","exclosures","PH",0.00767375480992129,-0.164228155786713,0.179575665406555,217,550,1963,76,0.95
"2021-12-23",7,2022,558,"abundance","AutoArima","exclosures","PH",0.00767375480992129,-0.164228155786713,0.179575665406555,217,550,1963,76,0.95
"2021-12-23",8,2022,559,"abundance","AutoArima","exclosures","PH",0.00767375480992129,-0.164228155786713,0.179575665406555,217,550,1963,76,0.95
"2021-12-23",9,2022,560,"abundance","AutoArima","exclosures","PH",0.00767375480992129,-0.164228155786713,0.179575665406555,217,550,1963,76,0.95
"2021-12-23",10,2022,561,"abundance","AutoArima","exclosures","PH",0.00767375480992129,-0.164228155786713,0.179575665406555,217,550,1963,76,0.95
"2021-12-23",11,2022,562,"abundance","AutoArima","exclosures","PH",0.00767375480992129,-0.164228155786713,0.179575665406555,217,550,1963,76,0.95
"2021-12-23",1,2022,551,"abundance","AutoArima","exclosures","PL",0.0355465562327542,-0.452709977208583,0.523803089674092,217,550,1963,76,0.95
"2021-12-23",2,2022,552,"abundance","AutoArima","exclosures","PL",0.0411312078352739,-0.453070028403394,0.535332444073942,217,550,1963,76,0.95
"2021-12-23",3,2022,553,"abundance","AutoArima","exclosures","PL",0.0411312078352739,-0.453070028403394,0.535332444073942,217,550,1963,76,0.95
"2021-12-23",4,2022,554,"abundance","AutoArima","exclosures","PL",0.0411312078352739,-0.453070028403394,0.535332444073942,217,550,1963,76,0.95
"2021-12-23",4,2022,555,"abundance","AutoArima","exclosures","PL",0.0411312078352739,-0.453070028403394,0.535332444073942,217,550,1963,76,0.95
"2021-12-23",5,2022,556,"abundance","AutoArima","exclosures","PL",0.0411312078352739,-0.453070028403394,0.535332444073942,217,550,1963,76,0.95
"2021-12-23",6,2022,557,"abundance","AutoArima","exclosures","PL",0.0411312078352739,-0.453070028403394,0.535332444073942,217,550,1963,76,0.95
"2021-12-23",7,2022,558,"abundance","AutoArima","exclosures","PL",0.0411312078352739,-0.453070028403394,0.535332444073942,217,550,1963,76,0.95
"2021-12-23",8,2022,559,"abundance","AutoArima","exclosures","PL",0.0411312078352739,-0.453070028403394,0.535332444073942,217,550,1963,76,0.95
"2021-12-23",9,2022,560,"abundance","AutoArima","exclosures","PL",0.0411312078352739,-0.453070028403394,0.535332444073942,217,550,1963,76,0.95
"2021-12-23",10,2022,561,"abundance","AutoArima","exclosures","PL",0.0411312078352739,-0.453070028403394,0.535332444073942,217,550,1963,76,0.95
"2021-12-23",11,2022,562,"abundance","AutoArima","exclosures","PL",0.0411312078352739,-0.453070028403394,0.535332444073942,217,550,1963,76,0.95
"2021-12-23",1,2022,551,"abundance","AutoArima","exclosures","PM",7.4365911302995e-06,-1.66984009432084,1.6698549675031,217,550,1963,76,0.95
"2021-12-23",2,2022,552,"abundance","AutoArima","exclosures","PM",1.1277430358529e-05,-1.96194372301079,1.96196627787151,217,550,1963,76,0.95
"2021-12-23",3,2022,553,"abundance","AutoArima","exclosures","PM",1.34507598952833e-05,-2.20359082413843,2.20361772565822,217,550,1963,76,0.95
"2021-12-23",4,2022,554,"abundance","AutoArima","exclosures","PM",1.43938835033242e-05,-2.35603852559959,2.3560673133666,217,550,1963,76,0.95
"2021-12-23",4,2022,555,"abundance","AutoArima","exclosures","PM",1.43938835033242e-05,-2.44112695710383,2.44115574487084,217,550,1963,76,0.95
"2021-12-23",5,2022,556,"abundance","AutoArima","exclosures","PM",1.43938835033242e-05,-2.52334781388527,2.52337660165228,217,550,1963,76,0.95
"2021-12-23",6,2022,557,"abundance","AutoArima","exclosures","PM",1.43938835033242e-05,-2.60297284536512,2.60300163313212,217,550,1963,76,0.95
"2021-12-23",7,2022,558,"abundance","AutoArima","exclosures","PM",1.43938835033242e-05,-2.68023341253041,2.68026220029742,217,550,1963,76,0.95
"2021-12-23",8,2022,559,"abundance","AutoArima","exclosures","PM",1.43938835033242e-05,-2.75532842324144,2.75535721100845,217,550,1963,76,0.95
"2021-12-23",9,2022,560,"abundance","AutoArima","exclosures","PM",1.43938835033242e-05,-2.82843036887526,2.82845915664227,217,550,1963,76,0.95
"2021-12-23",10,2022,561,"abundance","AutoArima","exclosures","PM",1.43938835033242e-05,-2.89968998968268,2.89971877744969,217,550,1963,76,0.95
"2021-12-23",11,2022,562,"abundance","AutoArima","exclosures","PM",1.43938835033242e-05,-2.96923993139218,2.96926871915919,217,550,1963,76,0.95
"2021-12-23",1,2022,551,"abundance","AutoArima","exclosures","PP",26.3390195120316,12.7519619318445,39.9260770922188,217,550,1963,76,0.95
"2021-12-23",2,2022,552,"abundance","AutoArima","exclosures","PP",26.406348362854,6.37706465802157,46.4356320676864,217,550,1963,76,0.95
"2021-12-23",3,2022,553,"abundance","AutoArima","exclosures","PP",26.406348362854,0.723569594304681,52.0891271314033,217,550,1963,76,0.95
"2021-12-23",4,2022,554,"abundance","AutoArima","exclosures","PP",26.406348362854,-3.89279427880881,56.7054910045168,217,550,1963,76,0.95
"2021-12-23",4,2022,555,"abundance","AutoArima","exclosures","PP",26.406348362854,-7.89337414863888,60.7060708743468,217,550,1963,76,0.95
"2021-12-23",5,2022,556,"abundance","AutoArima","exclosures","PP",26.406348362854,-11.4737768205584,64.2864735462664,217,550,1963,76,0.95
"2021-12-23",6,2022,557,"abundance","AutoArima","exclosures","PP",26.406348362854,-14.7438254333352,67.5565221590431,217,550,1963,76,0.95
"2021-12-23",7,2022,558,"abundance","AutoArima","exclosures","PP",26.406348362854,-17.7724895915576,70.5851863172655,217,550,1963,76,0.95
"2021-12-23",8,2022,559,"abundance","AutoArima","exclosures","PP",26.406348362854,-20.6064439659126,73.4191406916206,217,550,1963,76,0.95
"2021-12-23",9,2022,560,"abundance","AutoArima","exclosures","PP",26.406348362854,-23.2790173104841,76.091714036192,217,550,1963,76,0.95
"2021-12-23",10,2022,561,"abundance","AutoArima","exclosures","PP",26.406348362854,-25.8149928841774,78.6276896098854,217,550,1963,76,0.95
"2021-12-23",11,2022,562,"abundance","AutoArima","exclosures","PP",26.406348362854,-28.233393594667,81.046090320375,217,550,1963,76,0.95
"2021-12-23",1,2022,551,"abundance","AutoArima","exclosures","RF",0.00779607523319605,-0.164095170021715,0.179687320488108,217,550,1963,76,0.95
"2021-12-23",2,2022,552,"abundance","AutoArima","exclosures","RF",0.0077351612471905,-0.164161416159084,0.179631738653465,217,550,1963,76,0.95
"2021-12-23",3,2022,553,"abundance","AutoArima","exclosures","RF",0.00767375480992129,-0.164228155786713,0.179575665406555,217,550,1963,76,0.95
"2021-12-23",4,2022,554,"abundance","AutoArima","exclosures","RF",0.00767375480992129,-0.164228155786713,0.179575665406555,217,550,1963,76,0.95
"2021-12-23",4,2022,555,"abundance","AutoArima","exclosures","RF",0.00767375480992129,-0.164228155786713,0.179575665406555,217,550,1963,76,0.95
"2021-12-23",5,2022,556,"abundance","AutoArima","exclosures","RF",0.00767375480992129,-0.164228155786713,0.179575665406555,217,550,1963,76,0.95
"2021-12-23",6,2022,557,"abundance","AutoArima","exclosures","RF",0.00767375480992129,-0.164228155786713,0.179575665406555,217,550,1963,76,0.95
"2021-12-23",7,2022,558,"abundance","AutoArima","exclosures","RF",0.00767375480992129,-0.164228155786713,0.179575665406555,217,550,1963,76,0.95
"2021-12-23",8,2022,559,"abundance","AutoArima","exclosures","RF",0.00767375480992129,-0.164228155786713,0.179575665406555,217,550,1963,76,0.95
"2021-12-23",9,2022,560,"abundance","AutoArima","exclosures","RF",0.00767375480992129,-0.164228155786713,0.179575665406555,217,550,1963,76,0.95
"2021-12-23",10,2022,561,"abundance","AutoArima","exclosures","RF",0.00767375480992129,-0.164228155786713,0.179575665406555,217,550,1963,76,0.95
"2021-12-23",11,2022,562,"abundance","AutoArima","exclosures","RF",0.00767375480992129,-0.164228155786713,0.179575665406555,217,550,1963,76,0.95
"2021-12-23",1,2022,551,"abundance","AutoArima","exclosures","RM",0.519757292992363,-3.00995754399329,4.04947212997802,217,550,1963,76,0.95
"2021-12-23",2,2022,552,"abundance","AutoArima","exclosures","RM",0.882136502716467,-3.23554749826933,4.99982050370227,217,550,1963,76,0.95
"2021-12-23",3,2022,553,"abundance","AutoArima","exclosures","RM",0.882136502716467,-3.23554749826933,4.99982050370227,217,550,1963,76,0.95
"2021-12-23",4,2022,554,"abundance","AutoArima","exclosures","RM",0.882136502716467,-3.23554749826933,4.99982050370227,217,550,1963,76,0.95
"2021-12-23",4,2022,555,"abundance","AutoArima","exclosures","RM",0.882136502716467,-3.23554749826933,4.99982050370227,217,550,1963,76,0.95
"2021-12-23",5,2022,556,"abundance","AutoArima","exclosures","RM",0.882136502716467,-3.23554749826933,4.99982050370227,217,550,1963,76,0.95
"2021-12-23",6,2022,557,"abundance","AutoArima","exclosures","RM",0.882136502716467,-3.23554749826933,4.99982050370227,217,550,1963,76,0.95
"2021-12-23",7,2022,558,"abundance","AutoArima","exclosures","RM",0.882136502716467,-3.23554749826933,4.99982050370227,217,550,1963,76,0.95
"2021-12-23",8,2022,559,"abundance","AutoArima","exclosures","RM",0.882136502716467,-3.23554749826933,4.99982050370227,217,550,1963,76,0.95
"2021-12-23",9,2022,560,"abundance","AutoArima","exclosures","RM",0.882136502716467,-3.23554749826933,4.99982050370227,217,550,1963,76,0.95
"2021-12-23",10,2022,561,"abundance","AutoArima","exclosures","RM",0.882136502716467,-3.23554749826933,4.99982050370227,217,550,1963,76,0.95
"2021-12-23",11,2022,562,"abundance","AutoArima","exclosures","RM",0.882136502716467,-3.23554749826933,4.99982050370227,217,550,1963,76,0.95
"2021-12-23",1,2022,551,"abundance","AutoArima","exclosures","RO",0.0411231533535895,-0.521475811967981,0.603722118675159,217,550,1963,76,0.95
"2021-12-23",2,2022,552,"abundance","AutoArima","exclosures","RO",0.0519773011229733,-0.496257152175642,0.600211754421588,217,550,1963,76,0.95
"2021-12-23",3,2022,553,"abundance","AutoArima","exclosures","RO",0.0729786169575074,-0.551674544564862,0.697631778479876,217,550,1963,76,0.95
"2021-12-23",4,2022,554,"abundance","AutoArima","exclosures","RO",0.0729786169575074,-0.551674544564862,0.697631778479876,217,550,1963,76,0.95
"2021-12-23",4,2022,555,"abundance","AutoArima","exclosures","RO",0.0729786169575074,-0.551674544564862,0.697631778479876,217,550,1963,76,0.95
"2021-12-23",5,2022,556,"abundance","AutoArima","exclosures","RO",0.0729786169575074,-0.551674544564862,0.697631778479876,217,550,1963,76,0.95
"2021-12-23",6,2022,557,"abundance","AutoArima","exclosures","RO",0.0729786169575074,-0.551674544564862,0.697631778479876,217,550,1963,76,0.95
"2021-12-23",7,2022,558,"abundance","AutoArima","exclosures","RO",0.0729786169575074,-0.551674544564862,0.697631778479876,217,550,1963,76,0.95
"2021-12-23",8,2022,559,"abundance","AutoArima","exclosures","RO",0.0729786169575074,-0.551674544564862,0.697631778479876,217,550,1963,76,0.95
"2021-12-23",9,2022,560,"abundance","AutoArima","exclosures","RO",0.0729786169575074,-0.551674544564862,0.697631778479876,217,550,1963,76,0.95
"2021-12-23",10,2022,561,"abundance","AutoArima","exclosures","RO",0.0729786169575074,-0.551674544564862,0.697631778479876,217,550,1963,76,0.95
"2021-12-23",11,2022,562,"abundance","AutoArima","exclosures","RO",0.0729786169575074,-0.551674544564862,0.697631778479876,217,550,1963,76,0.95
"2021-12-23",1,2022,551,"abundance","AutoArima","exclosures","SF",0.153029642261561,-1.70911483028181,2.01517411480493,217,550,1963,76,0.95
"2021-12-23",2,2022,552,"abundance","AutoArima","exclosures","SF",0.262459359635688,-2.1769506614645,2.70186938073587,217,550,1963,76,0.95
"2021-12-23",3,2022,553,"abundance","AutoArima","exclosures","SF",0.333305339869888,-2.25272172392628,2.91933240366606,217,550,1963,76,0.95
"2021-12-23",4,2022,554,"abundance","AutoArima","exclosures","SF",0.333305339869888,-2.25272172392628,2.91933240366606,217,550,1963,76,0.95
"2021-12-23",4,2022,555,"abundance","AutoArima","exclosures","SF",0.333305339869888,-2.25272172392628,2.91933240366606,217,550,1963,76,0.95
"2021-12-23",5,2022,556,"abundance","AutoArima","exclosures","SF",0.333305339869888,-2.25272172392628,2.91933240366606,217,550,1963,76,0.95
"2021-12-23",6,2022,557,"abundance","AutoArima","exclosures","SF",0.333305339869888,-2.25272172392628,2.91933240366606,217,550,1963,76,0.95
"2021-12-23",7,2022,558,"abundance","AutoArima","exclosures","SF",0.333305339869888,-2.25272172392628,2.91933240366606,217,550,1963,76,0.95
"2021-12-23",8,2022,559,"abundance","AutoArima","exclosures","SF",0.333305339869888,-2.25272172392628,2.91933240366606,217,550,1963,76,0.95
"2021-12-23",9,2022,560,"abundance","AutoArima","exclosures","SF",0.333305339869888,-2.25272172392628,2.91933240366606,217,550,1963,76,0.95
"2021-12-23",10,2022,561,"abundance","AutoArima","exclosures","SF",0.333305339869888,-2.25272172392628,2.91933240366606,217,550,1963,76,0.95
"2021-12-23",11,2022,562,"abundance","AutoArima","exclosures","SF",0.333305339869888,-2.25272172392628,2.91933240366606,217,550,1963,76,0.95
"2021-12-23",1,2022,551,"abundance","AutoArima","exclosures","SH",0.172120707294434,-1.69731757840524,2.0415589929941,217,550,1963,76,0.95
"2021-12-23",2,2022,552,"abundance","AutoArima","exclosures","SH",0.328548552841235,-1.98174214431233,2.6388392499948,217,550,1963,76,0.95
"2021-12-23",3,2022,553,"abundance","AutoArima","exclosures","SH",0.328548552841235,-1.98174214431233,2.6388392499948,217,550,1963,76,0.95
"2021-12-23",4,2022,554,"abundance","AutoArima","exclosures","SH",0.328548552841235,-1.98174214431233,2.6388392499948,217,550,1963,76,0.95
"2021-12-23",4,2022,555,"abundance","AutoArima","exclosures","SH",0.328548552841235,-1.98174214431233,2.6388392499948,217,550,1963,76,0.95
"2021-12-23",5,2022,556,"abundance","AutoArima","exclosures","SH",0.328548552841235,-1.98174214431233,2.6388392499948,217,550,1963,76,0.95
"2021-12-23",6,2022,557,"abundance","AutoArima","exclosures","SH",0.328548552841235,-1.98174214431233,2.6388392499948,217,550,1963,76,0.95
"2021-12-23",7,2022,558,"abundance","AutoArima","exclosures","SH",0.328548552841235,-1.98174214431233,2.6388392499948,217,550,1963,76,0.95
"2021-12-23",8,2022,559,"abundance","AutoArima","exclosures","SH",0.328548552841235,-1.98174214431233,2.6388392499948,217,550,1963,76,0.95
"2021-12-23",9,2022,560,"abundance","AutoArima","exclosures","SH",0.328548552841235,-1.98174214431233,2.6388392499948,217,550,1963,76,0.95
"2021-12-23",10,2022,561,"abundance","AutoArima","exclosures","SH",0.328548552841235,-1.98174214431233,2.6388392499948,217,550,1963,76,0.95
"2021-12-23",11,2022,562,"abundance","AutoArima","exclosures","SH",0.328548552841235,-1.98174214431233,2.6388392499948,217,550,1963,76,0.95
"2021-12-23",1,2022,551,"abundance","AutoArima","exclosures","total",33.0903600784275,13.6123103250584,52.5684098317966,217,550,1963,76,0.95
"2021-12-23",2,2022,552,"abundance","AutoArima","exclosures","total",32.9510976062898,7.57418018088207,58.3280150316974,217,550,1963,76,0.95
"2021-12-23",3,2022,553,"abundance","AutoArima","exclosures","total",32.0312615230902,2.02845856122146,62.0340644849589,217,550,1963,76,0.95
"2021-12-23",4,2022,554,"abundance","AutoArima","exclosures","total",31.2794045012802,-1.45170343207772,64.0105124346382,217,550,1963,76,0.95
"2021-12-23",4,2022,555,"abundance","AutoArima","exclosures","total",30.664850461088,-3.76882098055995,65.0985219027359,217,550,1963,76,0.95
"2021-12-23",5,2022,556,"abundance","AutoArima","exclosures","total",30.1625253416026,-5.36321094122686,65.6882616244321,217,550,1963,76,0.95
"2021-12-23",6,2022,557,"abundance","AutoArima","exclosures","total",29.7519340686414,-6.48508951180806,65.9889576490909,217,550,1963,76,0.95
"2021-12-23",7,2022,558,"abundance","AutoArima","exclosures","total",29.4163243471833,-7.28823906224027,66.1208877566068,217,550,1963,76,0.95
"2021-12-23",8,2022,559,"abundance","AutoArima","exclosures","total",29.1420031607516,-7.87163868361504,66.1556450051182,217,550,1963,76,0.95
"2021-12-23",9,2022,560,"abundance","AutoArima","exclosures","total",28.9177780906364,-8.30093268554223,66.136488866815,217,550,1963,76,0.95
"2021-12-23",10,2022,561,"abundance","AutoArima","exclosures","total",28.7345006605474,-8.6205919215285,66.0895932426234,217,550,1963,76,0.95
"2021-12-23",11,2022,562,"abundance","AutoArima","exclosures","total",28.5846930749694,-8.86124111379975,66.0306272637386,217,550,1963,76,0.95
